,NiMH,LMO,NMC,NCA,LFP,Lithium Sulfur,Lithium Ceramic ,Lithium-air
1990,1.0,0.0,0.0,0.0,0.0,0.0,0.0,0.0
1991,0.0016907978712109447,1.0867522891038836e-11,0.9982274751714153,1.3910055645185454e-09,8.172555550073964e-05,1.1563246742330787e-26,6.161570964217142e-72,5.358060120763077e-73
1992,0.0024061011800051526,4.3984143999437615e-11,0.9974563354154199,4.3025674857078096e-09,0.0001375590580234241,3.161921904503951e-25,5.436375864643434e-68,5.412545614774753e-69
1993,0.003356683697535963,1.6469544015296282e-10,0.9964184216318103,1.2497317203080198e-08,0.00022488200864100046,7.195576963029389e-24,2.8983629334330847e-64,3.2791694408481585e-65
1994,0.004595399775700521,5.729579576143307e-10,0.9950469466649953,3.420373439996492e-08,0.0003576187826119957,1.3765971399109304e-22,9.600821229855683e-61,1.2256373358334825e-61
1995,0.006179655051738958,1.8592939110607807e-09,0.993266255320949,8.848865013974268e-08,0.000553999279368025,2.2351659050285247e-21,2.0285596887594208e-57,2.9025378177075114e-58
1996,0.008169892201590714,5.649164805021025e-09,0.990992733315438,2.170530088614541e-07,0.0008371517807974365,3.1079520498117555e-20,2.8026206560255377e-54,4.466279851249546e-55
1997,0.010627617317011059,1.6127329336941086e-08,0.988136338710823,5.062175155685588e-07,0.0012355216273210073,3.732319633898922e-19,2.5918434443064533e-51,4.572871785910567e-52
1998,0.013613021500171185,4.340341553474823e-08,0.9846027846163466,1.125530926163891e-06,0.0017830249491403508,3.902049652183497e-18,1.6403000577512294e-48,3.186053134387596e-49
1999,0.017182292968008984,1.1046525829640548e-07,0.9802963526104036,2.3917406985340496e-06,0.002518852215630552,3.5784022225156635e-17,7.253936520302065e-46,1.5429059201755056e-46
2000,0.021384754323045575,2.6665305542815074e-07,0.9751232560879117,4.868903443425127e-06,0.0034868540325435383,2.899053944891137e-16,2.286232317220455e-43,5.298302595060184e-44
2001,0.026259993313000857,6.12198618039657e-07,0.9689954064767707,9.516427664442418e-06,0.004734471583943731,2.0888608120140893e-15,5.231750978889069e-41,1.3147705967952802e-41
2002,0.03183517838829485,1.3402987043275437e-06,0.9618343708194317,1.789590911898123e-05,0.006311214584436767,1.347106698931608e-14,8.846863549029643e-39,2.4000979597961753e-39
2003,0.038122757755115706,2.805115823057545e-06,0.9535752566054204,3.244385375441466e-05,0.008266736669808226,7.822317815656346e-14,1.1239850451704817e-36,3.2778957434214206e-37
2004,0.0451187285678687,5.625476860314851e-06,0.9441702296645426,5.681023742697947e-05,0.010648606052890275,4.113106662085771e-13,1.0898755548711396e-34,3.403037869068091e-35
2005,0.052801629798299284,1.0834133535552655e-05,0.9335913724929099,9.625243140172085e-05,0.013499911141884716,1.9689439261842594e-12,8.186175190177406e-33,2.7263579586153794e-33
2006,0.06113235974990135,2.008047738514646e-05,0.9218326285915963,0.00015806130206441138,0.016856869870428448,8.624416900717245e-12,4.8301854683566115e-31,1.709721546501287e-31
2007,0.07005485233156288,3.588996840704898e-05,0.9089106521328817,0.00025198312023535374,0.02074662241217969,3.473342055298067e-11,2.268741427415032e-29,8.506288239743023e-30
2008,0.07949757333990304,6.197608990513355e-05,0.8948644834982491,0.0003905897491997086,0.025185377193541775,1.2920120932713644e-10,8.589983678423198e-28,3.400603326639946e-28
2009,0.08937572910668186,0.00010359088453108198,0.8797540859396281,0.0005895429927439485,0.030177050630590133,4.4582498856023136e-10,2.653011739866127e-26,1.1056129704363423e-26
2010,0.09959402461480532,0.0001678892735343243,0.8636578894265808,0.0008676990490347991,0.03571249620312398,1.432920683117359e-09,6.759286441021905e-25,2.956850638244535e-25
2011,0.11004977383906855,0.00026427220343947427,0.8466695776126013,0.0012470067676693742,0.04176936527067086,4.306550408201794e-09,1.4357865375811703e-23,6.575302513808709e-24
2012,0.12063615494792608,0.0004046662422199391,0.8288944097805452,0.0017521685350180307,0.048312588346719455,1.2147571301300887e-08,2.568443192499963e-22,1.2282607551600764e-22
2013,0.13124541596243533,0.0006036944163107138,0.8104453853088184,0.0024100534802193284,0.05529541856049509,3.2271721221078974e-08,3.906332051284722e-21,1.9460009094763822e-21
2014,0.14177186749910162,0.0008786960850542537,0.7914395349291227,0.003248876661843835,0.06266094380923279,8.101564481694497e-08,5.096735744604487e-20,2.6389763781042682e-20
2015,0.15211454094773338,0.0012495628185409788,0.7719945687292169,0.004297181838884658,0.07034395287060628,1.9279501781973422e-07,5.7534947917004685e-19,3.0896932288290977e-19
2016,0.16217943498206672,0.0017383718787226032,0.7522260376298202,0.005582686296771197,0.07827303300114274,4.3621147649130936e-07,5.6647412943830824e-18,3.1486631987858276e-18
2017,0.17188131400228315,0.00236881737201843,0.7322450863487039,0.007131061474291793,0.08637277978356121,9.410191415733704e-07,4.901612796187651e-17,2.814611765577137e-17
2018,0.1811450546109333,0.0031654591526488413,0.7121568036434055,0.008964731143180325,0.0945660107407814,1.9407090499853526e-06,3.7543092963899925e-16,2.2231037963865983e-16
2019,0.1813611542724669,0.004582524709853916,0.6959519694164263,0.012022959921411055,0.10607760260150557,3.7890783265784907e-06,6.989834344354159e-15,2.714980918543234e-15
2020,0.180876723500257,0.006541204148869637,0.6775229937995594,0.0159308926483844,0.1191207799329113,7.405969854930533e-06,1.3028035188203527e-13,3.319319276625556e-14
2021,0.17956168733101696,0.009199566017222325,0.6565713110372571,0.020839887339600897,0.13381306797524037,1.448029682748892e-05,2.4290593710180767e-12,4.059555114262742e-13
2022,0.17728243911630268,0.012736854467428156,0.6328216358071924,0.02689091793757694,0.15023985508553084,2.8297535740633138e-05,4.526608819237028e-11,4.962305343995914e-12
2023,0.17391214960582413,0.017343364897904008,0.6060569117898179,0.03419495307152805,0.16843740098888405,5.5218743157157366e-05,8.423150259157003e-10,6.056967923639976e-11
2024,0.16934476597760692,0.023203118140460145,0.5761607330756365,0.04280849962527535,0.1883753796325999,0.00010748717554863307,1.5635377248982435e-08,7.374953677619437e-10
2025,0.16351157040842704,0.03046901128735535,0.5431618631169384,0.052706820370504,0.20994193176592515,0.00020850488010169747,2.892221965110253e-07,8.948551861796136e-09
2026,0.1563972153197981,0.03923181057530564,0.5072700311048203,0.06375898620628527,0.23293386653135073,0.00040265601914772013,5.326148537667531e-06,1.0809475467926785e-07
2027,0.14804172945733912,0.04948312437917782,0.4688611596767156,0.07570499858844594,0.2570367805960327,0.0007733593802609961,9.754929130942314e-05,1.298630718362929e-06
2028,0.13836229404604813,0.060998409277969276,0.42790591300085357,0.08802785882883642,0.2814433319223174,0.0014738781238935311,0.0017728337727859322,1.548102729581502e-05
2029,0.12423468166058245,0.07150486050625526,0.37520128753406623,0.09753066246530641,0.2975313486847808,0.002711988632458329,0.031106990104980022,0.00017818041157030687
2030,0.07424708760763306,0.05522405032967034,0.21898397481401546,0.07133581766123115,0.2103974903449044,0.003337952973032617,0.3651018408068247,0.00137178546268829
2031,0.0741360691689665,0.05591867036911484,0.2174008228891288,0.07196481134168961,0.20981564798621702,0.004365638135803838,0.3643458097511254,0.002052530357954085
2032,0.0740066895800324,0.056592145645939,0.21577599011286086,0.07256494594268799,0.2091580745568353,0.005617558800031468,0.36330366460464714,0.002980930756965934
2033,0.07385222784233766,0.05723848229488535,0.21409093727785763,0.0731289339421788,0.20840692588868667,0.007117618945526637,0.36195430748296414,0.004210566325562987
2034,0.07366615393109664,0.05785157670625837,0.21232810472229535,0.07364944401903407,0.20754503924010645,0.008886736365171538,0.36027786258277605,0.005795082433261488
2035,0.07344244768971774,0.05842548447415762,0.2104718030363645,0.07411944024775817,0.20655684354395734,0.010941703814263154,0.3582573180666253,0.007784959127156282
2036,0.07317592217270355,0.05895471243791645,0.20850908534551127,0.07453254347295202,0.20542927014627552,0.013294184599068807,0.3558801428501196,0.01022413897545277
2037,0.07286252168283538,0.05943450928434807,0.20643051713773777,0.0748833836990343,0.2041525787123094,0.015949926575577405,0.3531397217860473,0.01314684112211029
2038,0.0724995658117538,0.05986112862672328,0.20423076646518176,0.07516791123715985,0.20272101745223173,0.01890826386373024,0.35003646432858565,0.016574882214633626
2039,0.072085915813279,0.06023204041964518,0.20190895501913575,0.07538363762174013,0.20113325255569028,0.022161951514409313,0.34657847389109997,0.020515773165000417
2040,0.07162204790916214,0.0605460718019761,0.19946873645779598,0.07552978454449227,0.19939252646172848,0.025697347752188855,0.34278171302470106,0.024961772047955053
2041,0.07111002833516701,0.06080346616348926,0.19691809833446483,0.07560732911493148,0.19750653438658008,0.029494925568929225,0.33866965552317674,0.029889962573261406
2042,0.07055339543464934,0.061005858138370665,0.19426891323450518,0.07561894499605937,0.19548703858197425,0.033530065249442964,0.33427247154560713,0.03526331281939122
2043,0.06995696327070788,0.06115617090507308,0.1915362888369267,0.07556884958968935,0.19334926546806405,0.037774056255894466,0.32962583739606577,0.04103256827757864
2044,0.0693265677898339,0.061258449326017345,0.18873778238440064,0.0754625759039506,0.19111114857716677,0.04219522372083446,0.3247694916126724,0.04713876068512384
2045,0.06866877985218423,0.06131764720067329,0.1858925510876052,0.07530669301356588,0.18879248840928262,0.04676009255968946,0.31974567078971006,0.053516077087289206
2046,0.06799060942293769,0.06133938887334493,0.18302050677852594,0.07510850079069237,0.18641409898158903,0.051434509896625194,0.3145975528979251,0.06009483235835974
2047,0.06729922243081408,0.061329724797704564,0.1801415326125333,0.07487572315298806,0.18399700176673123,0.056184661586815995,0.30936781639929484,0.0668043172531178
2048,0.06660168713147618,0.0612948979751403,0.1772748045794318,0.07461622022419954,0.18156171352458533,0.06097793784023306,0.3040973953812236,0.07357534334371027
2049,0.06590476126447038,0.061241134222189735,0.17443824392974513,0.0743377345304362,0.17912765815418163,0.06578362304360458,0.29882447973966425,0.0803423651157083
2050,0.06521472576505301,0.0611744647711315,0.17164811083532638,0.07404768064895564,0.17671271670052355,0.07057340317487151,0.2935837798054977,0.08704511829864063
2051,0.065214725765053,0.061174464771131525,0.17164811083532636,0.07404768064895563,0.1767127167005236,0.07057340317487153,0.2935837798054977,0.08704511829864063
2052,0.06521472576505301,0.06117446477113152,0.1716481108353264,0.07404768064895566,0.17671271670052363,0.07057340317487153,0.2935837798054977,0.08704511829864062
2053,0.06521472576505301,0.06117446477113153,0.1716481108353264,0.07404768064895563,0.17671271670052352,0.07057340317487151,0.29358377980549777,0.0870451182986406
2054,0.065214725765053,0.0611744647711315,0.17164811083532636,0.07404768064895564,0.1767127167005236,0.0705734031748715,0.2935837798054977,0.08704511829864062
2055,0.065214725765053,0.06117446477113152,0.1716481108353264,0.07404768064895563,0.17671271670052355,0.07057340317487151,0.2935837798054978,0.08704511829864064
2056,0.06521472576505298,0.06117446477113151,0.1716481108353264,0.07404768064895563,0.1767127167005236,0.0705734031748715,0.2935837798054977,0.08704511829864062
2057,0.065214725765053,0.061174464771131504,0.17164811083532636,0.07404768064895562,0.17671271670052358,0.07057340317487151,0.2935837798054977,0.08704511829864062
2058,0.06521472576505301,0.06117446477113152,0.1716481108353264,0.07404768064895563,0.17671271670052355,0.07057340317487154,0.29358377980549777,0.08704511829864062
2059,0.06521472576505301,0.0611744647711315,0.17164811083532636,0.07404768064895563,0.17671271670052366,0.0705734031748715,0.2935837798054977,0.08704511829864059
2060,0.065214725765053,0.06117446477113152,0.17164811083532638,0.07404768064895563,0.17671271670052358,0.07057340317487151,0.2935837798054977,0.08704511829864062
